-0
1
3
6
11
12
65
66
-1
0
4
8
15
18
21
22
23
26
27
28
29
30
41
48
82
87
97
246
247
248
249
286
287
288
289
-2
4
26
246
247
248
249
286
287
-3
0
4
6
10
11
12
13
64
65
66
248
-4
1
2
3
5
7
8
15
16
21
22
23
26
37
41
42
52
82
87
88
246
247
248
249
286
287
-5
4
6
7
8
10
11
12
13
15
16
21
22
23
24
26
52
65
66
88
248
249
-6
0
3
5
7
8
10
11
12
13
15
16
17
21
22
23
24
38
39
40
45
46
50
51
64
65
66
168
215
266
-7
4
5
6
8
10
11
12
15
16
17
21
22
23
26
38
39
42
45
46
47
48
50
51
215
-8
1
4
5
6
7
15
16
17
18
20
21
24
29
30
32
33
34
35
36
37
38
39
40
41
42
45
46
47
48
50
51
52
53
55
56
57
70
71
74
81
82
87
88
167
168
169
193
194
215
246
247
250
269
270
279
280
281
282
285
286
-9
10
11
12
17
18
24
28
29
30
33
34
35
36
37
38
39
40
41
47
48
49
51
52
55
56
62
63
88
169
173
246
247
250
269
279
280
281
282
286
-10
3
5
6
7
9
11
12
15
16
62
63
64
65
66
269
-11
0
3
5
6
7
9
10
12
15
16
22
23
26
55
62
63
64
65
66
67
69
269
-12
0
3
5
6
7
9
10
11
15
16
22
23
26
62
63
64
65
66
269
-13
3
5
6
14
-14
13
64
65
66
67
69
-15
1
4
5
6
7
8
10
11
12
16
21
22
23
24
26
41
52
65
66
87
88
167
-16
1
4
5
6
7
8
10
11
12
15
17
21
22
23
26
38
39
40
45
46
50
51
66
215
266
-17
6
7
8
9
16
18
19
20
21
24
29
30
32
33
34
35
36
37
38
39
40
41
42
45
46
47
48
50
51
52
53
55
56
57
70
81
82
87
88
94
103
167
168
169
174
176
193
194
215
250
257
258
266
269
270
279
280
281
282
285
286
-18
1
8
9
17
19
20
23
24
32
35
36
37
38
39
40
41
42
46
47
48
50
51
52
53
55
56
57
70
76
77
81
93
94
95
167
168
169
193
194
213
214
215
266
269
270
279
280
281
282
285
-19
17
18
20
24
36
37
38
39
40
41
42
46
47
48
50
51
52
53
55
56
57
70
81
167
168
193
194
214
215
266
269
270
279
280
282
285
-20
8
17
18
19
24
32
33
35
36
37
38
39
40
41
42
46
47
48
50
51
52
53
55
56
57
70
81
82
87
88
94
95
103
167
168
169
174
176
193
194
215
257
258
266
269
270
279
280
281
282
285
-21
1
4
5
6
7
8
15
16
17
38
39
40
41
42
45
46
47
48
50
51
52
53
81
82
87
88
215
266
-22
1
4
5
6
7
11
12
15
16
23
24
26
36
168
194
-23
1
4
5
6
7
11
12
15
16
18
22
24
26
37
42
48
-24
5
6
8
9
15
17
18
19
20
22
23
32
33
35
36
37
38
39
40
41
42
46
47
48
50
51
52
53
54
56
57
70
76
81
93
94
95
167
168
169
173
193
194
213
214
269
270
279
280
281
282
284
-25
27
28
29
30
33
34
35
36
37
38
39
40
41
42
43
47
48
50
51
52
53
54
56
57
89
163
166
167
168
169
170
171
172
192
193
246
247
248
250
259
260
269
270
282
284
286
287
289
-26
1
2
4
5
7
11
12
15
16
22
23
27
28
29
30
97
246
247
248
249
286
287
288
289
-27
1
25
26
28
29
30
33
97
169
170
171
172
192
193
246
247
248
249
286
287
288
289
-28
1
9
25
26
27
29
30
33
34
35
36
37
38
39
40
41
42
47
48
49
51
52
53
54
56
57
97
167
246
247
248
250
269
270
279
280
281
282
284
286
287
288
289
-29
1
8
9
17
25
26
27
28
30
33
34
35
36
37
38
39
40
41
47
48
51
53
56
57
63
246
247
248
269
279
280
281
282
283
-30
1
8
9
17
25
26
27
28
29
31
33
34
35
36
37
38
39
40
41
47
48
51
53
56
57
97
246
247
248
250
269
279
280
281
282
286
287
288
289
-31
30
32
94
95
96
97
171
172
193
194
246
247
248
250
286
287
288
289
-32
8
17
18
20
24
31
34
35
36
37
38
90
93
94
95
96
97
103
168
169
170
171
172
173
174
192
193
194
257
258
259
260
261
262
263
281
282
-33
8
9
17
20
24
25
27
28
29
30
34
35
36
37
38
39
40
42
47
48
51
53
56
63
167
169
246
248
269
279
280
281
282
-34
8
9
17
25
28
29
30
32
33
35
36
37
38
39
40
41
42
43
47
48
50
51
52
53
54
56
57
93
95
103
167
168
169
171
173
174
176
194
246
247
248
250
257
258
259
267
269
270
279
280
281
282
284
286
-35
8
9
17
18
20
24
25
28
29
30
32
33
34
36
37
38
39
40
42
43
47
48
51
53
56
63
93
94
95
167
168
169
173
194
246
247
248
269
279
280
281
282
-36
8
9
17
18
19
20
22
24
25
28
29
30
32
33
34
35
37
38
39
40
41
42
43
47
48
49
50
51
53
54
56
57
63
94
95
167
168
169
193
194
246
247
248
267
269
279
280
281
282
283
-37
4
8
9
17
18
19
20
23
24
25
28
29
30
32
33
34
35
36
38
39
40
41
42
46
47
48
50
51
52
53
54
56
57
76
81
94
95
167
168
169
176
193
194
213
214
246
247
248
250
257
258
269
270
279
280
281
282
284
286
-38
6
7
8
9
16
17
18
19
20
21
24
25
28
29
30
32
33
34
35
36
37
39
40
41
42
45
46
47
48
50
51
52
53
56
57
63
70
76
77
81
82
87
93
167
168
169
193
194
215
246
247
248
250
266
269
270
277
279
280
281
282
284
286
-39
6
7
8
9
16
17
18
19
20
21
24
25
28
29
30
33
34
35
36
37
38
40
41
42
46
47
48
50
51
52
53
54
56
62
63
93
167
168
169
173
193
194
214
215
246
247
248
266
269
279
280
281
282
-40
6
8
9
16
17
18
19
20
21
24
25
28
29
30
33
34
35
36
37
38
39
41
47
48
51
52
53
54
56
62
76
81
169
246
247
248
269
279
280
281
282
-41
1
4
8
9
15
17
18
19
20
21
24
25
28
29
30
34
36
37
38
39
40
49
51
52
53
54
56
76
77
81
82
87
88
246
247
248
279
280
281
282
-42
4
7
8
17
18
19
20
21
23
24
25
28
33
34
35
36
37
38
39
43
48
93
95
167
168
169
171
173
193
194
248
267
281
-43
25
34
35
36
42
44
267
-44
43
49
164
165
266
267
268
-45
6
7
8
16
17
21
38
46
49
50
51
54
88
164
165
215
266
267
268
-46
6
7
8
16
17
18
19
20
21
24
37
38
39
45
47
49
50
51
89
213
214
215
266
-47
7
8
9
17
18
19
20
21
24
25
28
29
30
33
34
35
36
37
38
39
40
46
48
50
51
56
62
63
89
93
168
169
173
194
213
214
246
247
248
269
279
280
281
282
-48
1
7
8
9
17
18
19
20
21
23
24
25
28
29
30
33
34
35
36
37
38
39
40
42
47
51
56
62
63
93
167
168
169
173
193
194
246
248
279
280
281
282
-49
9
28
36
41
44
45
46
50
52
53
54
56
88
89
214
215
266
-50
6
7
8
16
17
18
19
20
21
24
25
34
36
37
38
39
45
46
47
49
51
89
213
214
215
266
-51
6
7
8
9
16
17
18
19
20
21
24
25
28
29
30
33
34
35
36
37
38
39
40
41
45
46
47
48
50
53
54
56
62
63
169
215
246
247
248
266
269
279
280
281
282
-52
4
5
8
9
15
17
18
19
20
21
24
25
28
34
37
38
39
40
41
49
53
54
56
76
77
81
82
87
88
248
279
280
281
282
-53
8
17
18
19
20
21
24
25
28
29
30
33
34
35
36
37
38
39
40
41
49
51
52
56
81
82
83
87
88
89
214
246
247
248
279
280
281
282
-54
24
25
28
34
36
37
39
40
41
45
49
51
52
82
83
87
88
248
266
269
-55
8
9
11
17
18
19
20
56
57
70
71
74
269
270
279
280
281
282
283
284
285
-56
8
9
15
17
18
19
20
24
25
28
29
30
33
34
35
36
37
38
39
40
41
47
48
49
51
52
53
55
57
70
88
89
169
246
247
248
269
270
279
280
281
282
284
285
-57
8
17
18
19
20
24
25
28
29
30
34
36
37
38
55
56
58
69
70
71
246
247
248
269
270
279
280
281
282
283
284
285
-58
57
59
67
69
70
270
283
284
285
-59
10
58
60
69
-60
59
61
68
-61
60
62
-62
9
10
11
12
39
40
47
48
51
61
63
280
282
-63
9
10
11
12
29
33
35
36
38
39
47
48
51
62
169
279
280
282
-64
3
6
10
11
12
14
65
66
68
69
-65
0
3
5
6
10
11
12
14
15
64
66
-66
0
3
5
6
10
11
12
14
15
16
64
65
-67
11
14
58
69
70
284
-68
60
64
69
-69
11
14
57
58
59
64
67
68
270
-70
8
9
17
18
19
20
24
38
55
56
57
58
67
269
270
279
280
281
282
283
284
285
-71
8
55
57
72
73
74
269
270
279
280
281
285
-72
10
59
71
73
74
75
221
222
223
224
228
229
253
278
-73
3
71
72
74
75
217
218
220
223
224
225
228
229
230
241
276
278
-74
8
55
71
72
73
75
129
221
222
223
224
227
230
251
253
278
279
280
-75
72
73
74
129
217
218
219
220
221
222
223
227
241
253
276
278
-76
18
24
37
38
40
41
52
77
222
227
255
256
271
276
277
-77
18
38
41
52
76
78
123
159
219
220
221
222
227
255
256
271
276
277
-78
77
79
84
123
219
220
221
222
226
227
255
271
276
277
-79
78
84
219
220
221
222
226
227
235
255
271
-80
87
-81
8
17
18
19
20
21
24
37
38
40
41
52
53
82
83
86
87
88
-82
1
4
8
17
20
21
38
41
52
53
54
81
83
87
88
279
280
281
282
-83
53
54
81
82
86
87
-84
78
79
85
89
219
220
221
222
226
227
255
271
276
-85
84
89
219
221
222
226
227
255
271
-86
81
83
-87
1
4
8
15
17
20
21
38
41
52
53
54
80
81
82
83
88
279
280
281
282
-88
4
5
8
9
15
17
20
21
41
45
49
52
53
54
56
81
82
87
89
214
266
279
280
281
282
-89
25
46
47
49
50
53
56
84
85
88
214
215
219
221
266
-90
32
91
94
95
168
170
171
193
194
-91
90
92
94
95
99
100
101
288
-92
91
93
98
99
100
101
104
192
258
259
287
-93
18
24
32
34
35
38
39
42
47
48
92
95
103
104
167
168
169
170
171
172
173
174
175
190
192
193
194
257
258
259
264
279
280
281
-94
17
18
20
24
31
32
35
36
37
90
91
95
96
167
168
169
170
171
172
173
177
178
180
189
190
192
193
194
258
259
261
262
288
-95
18
20
24
31
32
34
35
36
37
42
90
91
93
94
96
150
167
168
169
170
171
172
173
177
180
189
190
192
193
194
257
258
259
261
262
288
-96
31
32
94
95
97
168
170
171
172
193
194
250
287
288
-97
1
26
27
28
30
31
32
96
98
101
168
170
171
193
194
246
247
248
250
286
287
288
289
-98
92
97
99
101
104
246
247
250
258
259
286
287
-99
91
92
98
100
101
104
258
259
-100
91
92
99
101
-101
91
92
97
98
99
100
246
247
250
286
287
-102
-103
17
20
32
34
93
104
169
170
171
172
173
174
175
176
189
190
193
257
258
260
264
-104
92
93
98
99
103
175
177
192
257
258
259
260
261
264
-105
106
107
108
110
112
113
114
119
120
121
125
126
134
135
136
145
146
147
217
273
274
-106
105
107
108
110
112
113
117
119
120
121
122
125
126
134
135
136
137
144
145
146
147
219
222
254
273
274
-107
105
106
108
110
111
112
119
120
121
122
125
126
134
135
136
137
140
145
146
147
238
239
251
273
274
-108
81
105
106
107
110
112
113
119
120
121
122
125
126
134
135
136
137
145
146
147
273
274
-109
110
111
114
115
116
117
118
123
124
129
230
239
269
290
-110
105
106
107
108
109
111
117
120
136
137
145
146
147
238
239
251
273
274
-111
107
109
110
116
117
120
238
239
251
290
-112
78
105
106
107
108
113
120
121
122
125
126
134
135
136
137
146
147
273
274
-113
105
106
108
112
114
121
125
126
136
141
142
146
147
148
256
271
273
274
-114
105
109
113
115
116
123
124
129
222
227
240
254
255
256
271
274
276
279
290
-115
109
114
116
117
118
123
124
238
239
290
-116
109
111
114
115
117
118
119
123
124
239
290
-117
106
109
110
111
115
116
118
239
290
-118
109
115
116
117
239
290
-119
105
106
107
108
116
120
125
126
134
135
136
137
145
146
147
273
274
290
-120
77
105
106
107
108
110
111
112
119
125
126
134
135
136
137
145
146
147
238
239
251
273
274
-121
105
106
107
108
112
113
122
125
126
146
147
273
274
-122
106
107
108
112
121
240
253
254
-123
77
78
109
114
115
116
124
129
220
221
231
233
237
240
251
253
254
-124
109
114
115
116
123
129
221
231
233
237
240
251
253
254
-125
105
106
107
108
112
113
119
120
121
126
134
146
147
273
274
-126
105
106
107
108
112
113
119
120
121
125
128
134
146
273
274
-127
130
184
212
215
218
241
242
245
265
-128
131
-129
74
75
109
114
123
124
221
253
254
276
-130
127
184
212
216
218
241
242
244
245
265
-131
128
133
140
141
-132
133
138
140
141
148
153
154
159
182
272
-133
131
132
138
139
140
141
144
148
153
154
155
161
272
-134
105
106
107
108
112
119
120
125
126
274
-135
105
106
107
108
112
119
120
274
-136
105
106
107
108
110
112
113
119
120
133
137
140
141
142
147
148
273
274
-137
43
106
107
108
110
112
119
120
136
138
140
141
142
144
147
148
152
153
154
155
156
161
162
163
274
-138
132
133
137
139
140
141
144
148
153
154
155
156
161
272
-139
133
138
140
141
144
153
154
155
156
161
-140
107
131
132
133
136
137
138
139
141
144
145
147
148
152
153
154
155
156
160
161
244
272
-141
113
131
132
133
136
137
138
139
140
142
145
147
148
272
-142
113
136
137
141
143
145
147
148
149
150
272
-143
142
144
145
149
150
152
178
179
182
272
-144
106
133
137
138
139
140
143
150
152
153
182
183
185
198
-145
105
106
107
108
110
119
120
140
141
142
143
146
148
149
150
154
272
273
274
-146
105
106
107
108
110
112
113
119
120
121
125
126
145
147
273
274
-147
105
106
107
108
110
112
113
119
120
121
125
136
137
140
141
142
146
148
273
274
-148
113
132
133
136
137
138
140
141
142
145
147
153
154
155
156
161
162
244
272
-149
142
143
145
150
178
182
272
-150
95
142
143
144
145
149
151
152
178
179
180
182
189
272
-151
150
178
179
182
192
-152
137
140
143
144
150
181
183
-153
132
133
137
138
139
140
144
148
154
155
156
161
182
-154
132
133
137
138
139
140
145
148
153
155
156
161
-155
133
137
138
139
140
148
153
154
156
161
162
272
-156
137
138
139
140
148
153
154
155
244
272
-157
158
159
162
163
184
185
187
216
217
218
219
220
241
244
245
275
277
-158
157
159
163
184
216
217
218
219
241
244
245
265
275
277
-159
77
157
158
160
184
216
217
218
241
242
244
245
265
275
-160
42
140
159
161
216
218
241
265
-161
133
137
138
139
140
148
153
154
155
160
272
-162
137
155
157
163
165
166
167
181
184
185
187
217
218
219
220
241
243
244
245
268
275
-163
25
137
157
158
162
164
165
166
167
184
187
199
208
243
244
268
-164
44
45
163
165
184
187
199
200
208
243
267
268
-165
44
45
162
163
164
166
167
184
187
199
208
209
218
242
243
244
265
267
268
-166
25
162
163
165
167
184
187
208
209
243
268
-167
8
15
17
18
19
20
24
25
28
33
34
35
36
37
38
39
42
48
93
94
95
162
163
165
166
168
169
171
173
184
187
193
194
268
279
281
-168
6
8
17
18
19
20
22
24
25
32
34
35
36
37
38
39
42
47
48
90
93
94
95
96
97
167
170
171
173
193
194
279
280
281
-169
8
9
17
18
20
24
25
27
32
33
34
35
36
37
38
39
40
42
47
48
51
56
63
93
94
95
103
167
171
172
173
174
176
192
193
257
258
259
260
269
279
280
281
282
-170
25
27
32
90
93
94
95
96
97
103
168
171
172
173
174
176
192
193
194
257
258
259
260
-171
25
27
31
32
34
42
90
93
94
95
96
97
103
167
168
169
170
172
173
174
176
192
193
194
257
258
259
260
-172
25
27
31
32
93
94
95
96
103
169
170
171
173
192
193
257
258
259
260
264
-173
9
24
32
34
35
39
42
47
48
93
94
95
103
167
168
169
170
171
172
174
176
177
178
180
189
190
192
193
194
257
258
259
261
262
279
280
281
-174
17
20
32
34
93
103
169
170
171
173
175
176
189
190
193
257
258
264
-175
93
103
104
174
176
189
190
191
257
263
264
-176
17
20
34
37
103
169
170
171
173
174
175
189
190
193
257
258
264
-177
94
95
104
173
178
180
189
190
257
259
260
261
262
263
264
-178
94
143
149
150
151
173
177
179
180
182
189
-179
143
150
151
178
182
263
-180
94
95
150
173
177
178
181
185
189
217
220
244
245
259
-181
152
162
180
183
184
185
186
203
220
244
245
-182
132
143
144
149
150
151
153
178
179
-183
144
152
181
184
185
217
218
244
245
-184
127
130
157
158
159
162
163
164
165
166
167
181
183
185
187
243
244
268
-185
144
157
162
180
181
183
184
244
245
275
-186
181
188
189
190
209
210
211
242
243
-187
157
162
163
164
165
166
167
184
199
208
209
210
211
242
243
244
267
268
-188
186
206
-189
94
95
103
150
173
174
175
176
177
178
180
186
190
191
192
259
260
261
262
263
264
-190
32
93
94
95
103
173
174
175
176
177
186
189
191
259
260
261
262
263
264
-191
175
189
190
261
262
263
-192
25
27
32
92
93
94
95
104
169
170
171
172
173
189
193
258
259
260
261
262
-193
8
17
18
19
20
24
25
27
31
32
36
37
38
39
42
48
90
93
94
95
96
97
103
167
168
169
170
171
172
173
174
176
192
194
257
258
259
279
280
281
-194
8
17
18
19
20
22
24
31
32
34
35
36
37
38
39
42
47
48
90
93
94
95
96
97
167
168
170
171
173
193
195
197
279
280
281
-195
194
196
197
-196
195
197
202
203
-197
168
194
195
196
198
202
-198
197
202
-199
163
164
165
187
200
208
209
218
242
243
244
265
268
-200
164
199
-201
-202
196
197
198
203
-203
196
202
204
-204
33
203
205
-205
202
204
206
207
-206
188
205
207
-207
202
205
206
-208
34
163
164
165
166
187
199
209
218
242
243
265
268
275
-209
165
166
186
187
199
208
210
211
218
242
243
265
268
275
-210
186
187
209
211
242
243
-211
186
187
209
210
242
243
-212
127
130
213
216
218
-213
18
24
37
46
47
50
212
214
215
216
-214
18
19
24
37
39
46
47
49
50
53
88
89
213
215
266
-215
6
7
8
16
17
18
19
20
21
38
39
45
46
49
50
51
89
213
214
266
-216
130
157
158
159
160
212
213
218
241
245
265
-217
73
75
157
158
159
162
180
183
218
219
220
223
240
241
244
245
275
276
277
-218
73
75
130
157
158
159
160
162
165
183
199
208
209
212
215
216
217
220
223
241
244
245
265
275
276
-219
75
77
78
79
84
85
89
157
158
162
217
220
221
222
223
226
227
245
255
271
276
277
-220
73
75
77
78
79
84
157
162
180
181
217
218
219
221
222
223
226
227
241
244
245
255
271
276
277
-221
72
74
75
77
78
79
84
85
89
123
129
219
220
222
223
226
227
253
254
255
276
277
278
-222
72
74
75
76
77
78
79
84
85
106
114
219
220
221
223
227
253
254
255
256
271
276
277
278
-223
72
73
74
75
217
218
219
220
221
222
227
241
253
276
278
-224
72
73
74
228
229
230
278
-225
73
255
285
-226
7
78
79
84
85
219
220
221
227
255
256
271
-227
74
75
76
77
78
79
84
85
114
219
220
221
222
223
226
253
254
255
256
271
276
277
278
-228
71
72
73
224
229
-229
72
73
224
228
-230
0
73
74
109
224
231
238
251
-231
123
124
230
232
233
234
235
236
237
238
251
252
291
-232
231
233
234
235
236
238
251
252
291
-233
123
124
231
232
234
235
236
237
238
251
252
291
-234
231
232
233
235
236
237
251
256
-235
79
231
232
233
234
236
237
251
256
-236
231
232
233
234
235
237
238
251
252
291
-237
5
123
124
231
233
234
235
236
238
251
252
256
276
291
-238
9
70
107
110
111
115
120
230
231
232
233
236
237
239
251
252
-239
107
109
110
111
115
116
117
118
120
238
251
290
-240
114
122
123
124
217
253
254
-241
73
75
127
130
157
158
159
160
162
216
217
218
220
223
242
244
245
265
267
275
276
-242
127
130
159
165
186
187
199
208
209
210
211
241
243
265
275
-243
162
163
164
165
166
184
186
187
199
208
209
210
211
242
268
-244
130
140
148
156
157
158
159
162
163
165
180
181
183
184
185
187
199
217
218
220
241
245
272
275
-245
127
130
157
158
159
162
180
181
183
185
216
217
218
219
220
241
244
275
-246
1
2
4
8
9
25
26
27
28
29
30
31
33
34
35
36
37
38
39
40
41
47
48
51
53
56
57
97
98
101
247
248
250
269
279
280
281
282
286
287
288
289
-247
1
2
4
8
9
25
26
27
28
29
30
31
34
35
36
37
38
39
40
41
47
51
53
56
57
97
98
101
246
248
250
269
279
280
281
282
286
287
288
289
-248
1
2
3
4
5
25
26
27
28
29
30
31
33
34
35
36
37
38
39
40
41
42
47
48
51
52
53
54
56
57
97
246
247
249
269
270
279
280
282
284
286
288
289
-249
1
2
4
5
26
27
248
-250
8
9
17
25
28
30
31
34
37
38
96
97
98
101
246
247
279
280
281
282
286
287
288
289
-251
0
74
107
110
111
120
123
124
230
231
232
233
234
235
236
237
238
239
252
291
-252
231
232
233
236
237
238
251
291
-253
72
74
75
88
122
123
124
129
221
222
223
227
240
254
276
278
-254
38
106
114
122
123
124
129
221
222
227
240
253
-255
76
77
78
79
84
85
114
219
220
221
222
225
226
227
256
271
276
277
281
-256
76
77
113
114
222
226
227
234
235
237
255
271
276
277
-257
17
20
32
34
37
93
95
103
104
169
170
171
172
173
174
175
176
177
193
258
260
261
264
-258
17
20
32
34
37
92
93
94
95
98
99
103
104
169
170
171
172
173
174
176
192
193
257
259
-259
25
32
34
92
93
94
95
98
99
104
169
170
171
172
173
177
180
189
190
192
193
258
260
261
262
-260
25
32
103
104
169
170
171
172
177
189
190
192
257
259
261
263
264
-261
32
94
95
104
173
177
189
190
191
192
257
259
260
262
263
264
-262
32
94
95
173
177
189
190
191
192
259
261
263
-263
32
175
177
189
190
191
260
261
262
-264
93
103
104
172
174
175
176
177
189
190
257
260
261
-265
127
130
158
159
160
165
199
208
209
216
218
241
242
267
268
275
-266
6
16
17
18
19
20
21
38
39
44
45
46
49
50
51
54
88
89
214
215
-267
34
36
42
43
44
45
164
165
187
268
-268
44
45
162
163
164
165
166
167
184
187
199
208
209
243
265
267
-269
8
9
10
11
12
17
18
19
20
24
25
28
29
30
33
34
35
36
37
38
39
40
47
51
54
55
56
57
70
71
169
246
247
248
270
279
280
281
282
285
-270
8
17
18
19
20
24
25
28
34
37
38
55
56
57
58
69
70
71
248
269
279
280
281
282
283
284
285
-271
76
77
78
79
84
85
113
114
219
220
222
226
227
255
256
276
277
-272
132
133
138
140
141
142
143
145
148
149
150
155
156
161
165
244
-273
44
105
106
107
108
110
112
113
119
120
121
125
126
136
145
146
147
274
-274
105
106
107
108
110
112
113
114
119
120
121
125
126
134
135
136
137
145
146
147
273
-275
51
157
158
159
162
185
208
209
217
218
241
242
244
245
265
-276
5
73
75
76
77
78
84
114
129
217
218
219
220
221
222
223
227
241
253
255
256
271
277
278
-277
38
76
77
78
157
158
217
219
220
221
222
227
255
256
271
276
-278
72
73
74
75
221
222
223
224
227
253
276
-279
8
9
17
18
19
20
24
28
29
30
33
34
35
36
37
38
39
40
41
47
48
51
52
53
55
56
57
63
70
71
74
82
87
88
93
167
168
169
173
193
194
246
247
248
250
269
270
280
281
282
285
286
-280
8
9
15
17
18
19
20
24
28
29
30
33
34
35
36
37
38
39
40
41
47
48
51
52
53
55
56
57
62
63
70
71
74
82
87
88
93
168
169
173
193
194
246
247
248
250
269
270
279
281
282
285
286
-281
8
9
17
18
20
24
28
29
30
32
33
34
35
36
37
38
39
40
41
42
47
48
51
52
53
55
56
57
70
71
82
87
88
93
167
168
169
173
193
194
246
247
250
269
270
279
280
282
285
286
-282
8
9
17
18
19
20
24
25
28
29
30
32
33
34
35
36
37
38
39
40
41
47
48
51
52
53
55
56
57
62
63
70
82
87
88
169
246
247
248
250
269
270
279
280
281
284
285
-283
29
36
55
57
58
70
270
284
285
-284
24
25
28
34
37
38
55
56
57
58
67
70
248
270
282
283
285
-285
8
17
18
19
20
55
56
57
58
70
71
269
270
279
280
281
282
283
284
-286
1
2
4
8
9
17
25
26
27
28
30
31
34
37
38
97
98
101
246
247
248
250
279
280
281
287
288
289
-287
1
2
4
25
26
27
28
30
31
96
97
98
101
246
247
250
286
288
289
-288
1
26
27
28
30
31
94
95
96
97
246
247
248
250
286
287
289
-289
1
25
26
27
28
30
31
97
246
247
248
250
286
287
288
-290
109
111
114
115
116
117
118
119
239
-291
231
232
233
236
237
251
252
-292
65
293
-293
292
